603463
436717
485998
405019
404807
474851
404436
602684
404934
475050
438115
475049
405018
405015
405236
404994
469052
438837
435246
456302
405926
405925
435227
437972
404813
479046
444163
442647
404818
474295
405924
435244
435252
437795
481585
405017
403935
436747
456152
403932
435201
435942
442837
438826
403933
413075
404750
475048
439022
470302
438832
469233
459064
424658
425298
431248
431250
432696
485393
474119
474118
474124
471153
471549
471155
471160
471537
288872
474120
478507
471156
471147
272821
471502
471471
471540
471543
471532
471148
243242
471483
616012
616003
616004
616001
616002
358051
437867
437882
616011
616013
269971
269978
453693
479749
479748
479747
428464
283172
485529
419373
369230
617194
316344
609096
609097
438929
283173
460913
419405
485174
348807
609098
481562
452512
444199
430938
430941
433665
387881
430939
435162
435161
373598
430936
437862
437863
435854
617986
272020
282235
459106
459103
279726
435977
435981
435980
272861
435979
435978
617983
272859
619861
272858
272857
450037
450050
450039
447065
441690
416669
282594
272860
477184
477189
477188
477187
477204
477186
477206
477183
477190
477191
477175
477180
477194
477192
477202
477315
477307
477308
477316
484799
477276
477280
477281
477285
477283
477260
477269
477288
477262
477287
477289
477266
477255
477277
407483
321786
439495
321787
338605
457484
397442
616982
604955
604960
458139
466391
336817
280215
459848
459853
332101
300428
466420
300430
300432
466400
469572
466405
469529
433513
326035
326936
340015
324906
445966
334262
300421
368323
326919
457910
356413
471043
469545
429769
479646
437362
477423
439029
366903
425444
361076
445300
481522
425446
425447
440073
366902
423715
299242
352317
425448
456173
423732
456768
425445
443093
439030
440213
437841
437840
480237
475104
458244
440104
281010
481954
469180
465245
465238
440133
465291
465234
465174
603004
603005
465187
467996
468009
467756
467811
467840
467835
467834
468010
467833
467857
475453
467917
467802
467809
467804
467854
467998
468001
467745
467746
467747
467819
467871
467866
467839
467771
475452
487516
487496
487488
487532
487522
487514
487482
487535
487531
487530
487519
487503
487534
437178
437175
437179
437177
437176
441271
607462
469168
