98600103900042025
98600103900112025
98600103900262025
98600103900272025
98600105901402025
98600105901422024
98600105902182025
98600105902292025
98600105902662024
98600105903432025
98600105903442025
98600105903542024
98600105904352025
98600105904432025
98600105904562025
98600105904592025
98600105904642025
98600105904652025
98600105904692025
98600105904972025
98600105904982024
98600105905142025
98600105905152025
98600105905162025
98600105905482025
98600105905542025
98600105905552025
98600105905602025
98600105905672025
98600105905682025
98600105905732025
98600105905782025
98600105905792025
98600105906082025
98600105906172025
98600105906202025
98600105906462024
98600105906462025
98600105906472025
98600105906482025
98600105906512025
98600105906542025
98600105906552025
98600105906622025
98600105906642025
98600105907102025
98600105908812024
98600105910032024
98600106900212024
98600106908252025
