98600103900012024
98600103900022025
98600103900032024
98600103900052024
98600103900142024
98600103900422024
98600103900432024
98600103900452024
98600103902432024
98600105900092025
98600105900102025
98600105900122024
98600105900132024
98600105900142025
98600105900152024
98600105900172024
98600105900192025
98600105900352024
98600105900402025
98600105900412025
98600105900462025
98600105900492024
98600105900502024
98600105900512025
98600105900542024
98600105900572025
98600105900582025
98600105900612024
98600105900622024
98600105900702024
98600105900712024
98600105900742024
98600105900752024
98600105900922024
98600105900942024
98600105901042025
98600105901062024
98600105901072024
98600105901072025
98600105901082024
98600105901092024
98600105901132025
98600105901172024
98600105901172025
98600105901182024
98600105901192024
98600105901202024
98600105901212024
98600105901412025
98600105901432024
98600105901472024
98600105901472025
98600105901482024
98600105901532024
98600105901542024
98600105901592024
98600105901602024
98600105901622024
98600105901702024
98600105901712024
98600105901802024
98600105901812024
98600105901822024
98600105901892024
98600105901992025
98600105902012024
98600105902022024
98600105902072024
98600105902082024
98600105902132025
98600105902162025
98600105902172024
98600105902172025
98600105902252024
98600105902272024
98600105902282024
98600105902322025
98600105902412024
98600105902452024
98600105902462024
98600105902462025
98600105902472024
98600105902492024
98600105902492025
98600105902572024
98600105902622024
98600105902672024
98600105902782025
98600105902842024
98600105902892024
98600105902962024
98600105903062025
98600105903072024
98600105903072025
98600105903082024
98600105903092024
98600105903102024
98600105903142024
98600105903152024
98600105903442024
98600105903492024
98600105903552024
98600105903612025
98600105903682025
98600105903752025
98600105903762025
98600105903822025
98600105903882024
98600105903912024
98600105903952024
98600105904012024
98600105904022024
98600105904022025
98600105904032025
98600105904122025
98600105904232024
98600105904312024
98600105904322024
98600105904402024
98600105904442025
98600105904462025
98600105904472025
98600105904492024
98600105904502024
98600105904632025
98600105904702025
98600105904762025
98600105904832024
98600105904842024
98600105904842025
98600105904872024
98600105904882024
98600105904902024
98600105905232024
98600105905532024
98600105905612025
98600105905682024
98600105905832025
98600105905932024
98600105906042024
98600105906142024
98600105906142025
98600105906342024
98600105906552024
98600105906562024
98600105906842024
98600105906992024
98600105907062024
98600105907242024
98600105907292024
98600105907302024
98600105907382024
98600105907552024
98600105907582024
98600105907592024
98600105907742024
98600105907852024
98600105907862024
98600105908032024
98600105908042024
98600105908132024
98600105908302024
98600105908492024
98600105908502024
98600105908532024
98600105908552024
98600105908572024
98600105908582024
98600105908622024
98600105908632024
98600105908722024
98600105908732024
98600105908872024
98600105908882024
98600105908942024
98600105908972024
98600105909192024
98600105909312024
98600105909362024
98600105909402024
98600105909412024
98600105909482024
98600105909492024
98600105909562024
98600105909572024
98600105910022024
98600105910092024
98600105910202024
98600105910442024
98600105910602024
98600105910652024
98600105910772024
98600105910822024
98600105910832024
98600106900022024
98600106900042024
98600106900062024
98600106900072024
98600106900232024
98600106900252024
98600106900762024
98600106900772024
98600106900962024
98600106900972024
98600106901122024
98600106901252024
98600106901262024
98600106902202024
98600106902652024
98600106903032024
98600106903542025
98600106904112024
98600106904122024
98600106904362024
98600106905142024
98600106905412024
98600106906932024
98600106908402024
98600106908662024
98600106908712024
98600106909642024
98600106910252024
98600106945072024
